0.000000 0.006501
0.010000 0.012973
0.020000 0.019383
0.030000 0.025699
0.040000 0.031884
0.050000 0.037898
0.060000 0.043696
0.070000 0.049225
0.080000 0.054426
0.090000 0.059230
0.100000 0.063560
0.110000 0.067329
0.120000 0.070437
0.130000 0.072777
0.140000 0.074234
0.150000 0.074689
0.160000 0.074020
0.170000 0.072118
0.180000 0.068888
0.190000 0.064265
0.200000 0.058226
0.210000 0.050802
0.220000 0.042088
0.230000 0.032251
0.240000 0.021524
0.250000 0.020618
0.260000 0.030270
0.270000 0.039825
0.280000 0.049265
0.290000 0.058572
0.300000 0.067718
0.310000 0.076669
0.320000 0.085379
0.330000 0.093791
0.340000 0.101828
0.350000 0.109394
0.360000 0.116367
0.370000 0.122592
0.380000 0.127877
0.390000 0.131987
0.400000 0.134640
0.410000 0.135507
0.420000 0.134219
0.430000 0.130383
0.440000 0.123612
0.450000 0.113581
0.460000 0.100083
0.470000 0.083114
0.480000 0.062942
0.490000 0.040146
0.500000 0.031837
0.510000 0.043095
0.520000 0.054178
0.530000 0.065081
0.540000 0.075794
0.550000 0.086299
0.560000 0.096572
0.570000 0.106578
0.580000 0.116267
0.590000 0.125572
0.600000 0.134404
0.610000 0.142640
0.620000 0.150122
0.630000 0.156640
0.640000 0.161927
0.650000 0.165645
0.660000 0.167376
0.670000 0.166620
0.680000 0.162810
0.690000 0.155339
0.700000 0.143631
0.710000 0.127239
0.720000 0.105987
0.730000 0.080110
0.740000 0.050365
0.750000 0.036996
0.760000 0.048094
0.770000 0.058954
0.780000 0.069568
0.790000 0.079920
0.800000 0.089988
0.810000 0.099738
0.820000 0.109127
0.830000 0.118092
0.840000 0.126553
0.850000 0.134404
0.860000 0.141506
0.870000 0.147679
0.880000 0.152698
0.890000 0.156280
0.900000 0.158081
0.910000 0.157694
0.920000 0.154655
0.930000 0.148470
0.940000 0.138661
0.950000 0.124833
0.960000 0.106779
0.970000 0.084585
0.980000 0.058729
0.990000 0.030110
1.000000 0.000000
