0.000000 0.000000
0.010101 0.007039
0.020202 0.013459
0.030303 0.019793
0.040404 0.025997
0.050505 0.032021
0.060606 0.037813
0.070707 0.043312
0.080808 0.048452
0.090909 0.053156
0.101010 0.057341
0.111111 0.060910
0.121212 0.063761
0.131313 0.065783
0.141414 0.066859
0.151515 0.066873
0.161616 0.065714
0.171717 0.063285
0.181818 0.059517
0.191919 0.054374
0.202020 0.047873
0.212121 0.040090
0.222222 0.031166
0.232323 0.021313
0.242424 0.010801
0.252525 0.009258
0.262626 0.018441
0.272727 0.027577
0.282828 0.036637
0.292929 0.045590
0.303030 0.054398
0.313131 0.063016
0.323232 0.071385
0.333333 0.079435
0.343434 0.087077
0.353535 0.094200
0.363636 0.100667
0.373737 0.106313
0.383838 0.110933
0.393939 0.114291
0.404040 0.116108
0.414141 0.116075
0.424242 0.113863
0.434343 0.109148
0.444444 0.101641
0.454545 0.091148
0.464646 0.077617
0.474747 0.061205
0.484848 0.042312
0.494949 0.021588
0.505051 0.009594
0.515152 0.019058
0.525253 0.028476
0.535354 0.037821
0.545455 0.047063
0.555556 0.056165
0.565657 0.065083
0.575758 0.073760
0.585859 0.082126
0.595960 0.090093
0.606061 0.097550
0.616162 0.104357
0.626263 0.110345
0.636364 0.115303
0.646465 0.118982
0.656566 0.121088
0.666667 0.121289
0.676768 0.119227
0.686869 0.114540
0.696970 0.106901
0.707071 0.096074
0.717172 0.081980
0.727273 0.064761
0.737374 0.044835
0.747475 0.022903
0.757576 0.008397
0.767677 0.016656
0.777778 0.024837
0.787879 0.032898
0.797980 0.040791
0.808081 0.048463
0.818182 0.055852
0.828283 0.062884
0.838384 0.069472
0.848485 0.075512
0.858586 0.080884
0.868687 0.085445
0.878788 0.089034
0.888889 0.091468
0.898990 0.092547
0.909091 0.092062
0.919192 0.089805
0.929293 0.085589
0.939394 0.079269
0.949495 0.070774
0.959596 0.060137
0.969697 0.047516
0.979798 0.033215
0.989899 0.017679
1.000000 0.000000
