Starting job: Tue Apr 29 20:05:48 CDT 2025
Testing MPI execution
export TMOUT=5400
export TMPDIR=/scratch/galiyam/6316611
export PTMPDIR=/scratch/galiyam/6316611/ptmp
MPI is working
MPI is working
MPI is working
MPI is working
export TMOUT=5400
export TMPDIR=/scratch/galiyam/6316611
export PTMPDIR=/scratch/galiyam/6316611/ptmp
Final temperature distribution:
0.000000 7.965881 15.852423 23.582652 31.084215 38.291403 45.146849 51.602839 57.622185 63.178630 68.256816 72.851827 76.968385 80.619747 83.826400 86.614636 89.015082 91.061260 92.788246 94.231469 95.425683 96.404139 97.197948 97.835642 98.342910 98.742485 99.054158 99.294900 99.479044 99.618530 99.723165 99.800896 99.858085 99.899754 99.929824 99.951316 99.966529 99.977195 99.984601 99.989696 99.993167 99.995509 99.997075 99.998112 99.998792 99.999234 99.999519 99.999700 99.999815 99.999887 99.999931 99.999959 99.999975 99.999986 99.999992 99.999995 99.999997 99.999998 99.999999 99.999999 100.000000 100.000000 100.000000 100.000000 100.000000 100.000000 100.000000 100.000000 100.000000 100.000000 100.000000 100.000000 100.000000 100.000000 100.000000 100.000000 100.000000 100.000000 100.000000 100.000000 100.000000 100.000000 100.000000 100.000000 100.000000 100.000000 100.000000 100.000000 100.000000 100.000000 100.000000 100.000000 100.000000 100.000000 100.000000 100.000000 100.000000 100.000000 100.000000 100.000000 100.000000 100.000000 100.000000 100.000000 100.000000 100.000000 100.000000 100.000000 100.000000 100.000000 100.000000 100.000000 100.000000 100.000000 100.000000 100.000000 100.000000 100.000000 100.000000 100.000000 100.000000 100.000000 100.000000 100.000000 100.000000 100.000000 100.000000 100.000000 100.000000 100.000000 100.000000 100.000000 100.000000 100.000000 100.000000 100.000000 100.000000 100.000000 100.000000 100.000000 100.000000 100.000000 100.000000 100.000000 100.000000 100.000000 100.000000 100.000000 100.000000 100.000000 100.000000 100.000000 100.000000 100.000000 100.000000 100.000000 100.000000 100.000000 100.000000 100.000000 100.000000 100.000000 100.000000 100.000000 100.000000 100.000000 100.000000 100.000000 100.000000 100.000000 100.000000 100.000000 100.000000 100.000000 100.000000 100.000000 100.000000 100.000000 100.000000 100.000000 100.000000 100.000000 100.000000 100.000000 100.000000 100.000000 100.000000 100.000000 100.000000 100.000000 100.000000 100.000000 100.000000 100.000000 100.000000 100.000000 100.000000 100.000000 100.000000 100.000000 100.000000 100.000000 100.000000 100.000000 100.000000 100.000000 100.000000 100.000000 100.000000 100.000000 100.000000 100.000000 100.000000 100.000000 100.000000 100.000000 100.000000 100.000000 100.000000 100.000000 100.000000 100.000000 100.000000 100.000000 100.000000 100.000000 100.000000 100.000000 100.000000 100.000000 100.000000 100.000000 100.000000 100.000000 100.000000 100.000000 100.000000 100.000000 100.000000 100.000000 100.000000 100.000000 100.000000 100.000000 100.000000 100.000000 100.000000 100.000000 100.000000 100.000000 100.000000 100.000000 
