0.000000 0.000000 0.000000
0.007812 92141607016195330739658138508680175424825243014604208908125974823745687996777042947923742029569384631403119236740072722292725221208314223673657228395370659483920955857296137185996099721340655136262172035477654465029649614079791202304.000000 0.000001
0.015625 -181293235320599261779385239122698541002773916686262179957565894183276818177371471472785108190978828146454169334181827422137078256005884055924670100830913842138189205376233940988637743997989580606451440023448798883486586603419448901632.000000 0.000003
0.023438 264492404815855083589106368514905436104905172382855892718520937383133165973342096209250418931815009815560408924893716626306706944245225559205904279912767355740330088210169663365809933830920807973034917402207076007500818119793416601600.000000 0.000004
0.031250 -338859824787348395067498758173156794058240746220736323365892287619445563574610337044069183275143247667005047251753912606834444651324042787734456375010570299946893211347773378046473309205243532745923239329190041630791586080511391432704.000000 0.000005
0.039062 401703591104205605408230959375817357427289997471004070735599392763850687065220827401284879171237376746364577159459625248153533982368877419367384856757507288923570950500737700644831746389249751068991002974259873351239145095669974302720.000000 0.000006
0.046875 -450678029970801677758649140454168191779395785702087022106780031550333258468184953462248254092158094447134971777217937940441173039241057082171972044931204517134678098416301765913729410680653573722177218586057999810187101315636649787392.000000 0.000008
0.054688 483985763704930400161275139316272486554447040806580590884003073113681286779035975542687557282810116865971642725923086734722991749043826487681235177415192460703416891558966174648683231133836486457750237406648629456309803740281496928256.000000 0.000009
0.062500 -500594360113444891606044295323642364891974903636441142662635870391878466828352638908928814445976180494780445481198372015019532678042333221216162078524450366369515916379917526636282542072856053999265162097391015199947081916376653234176.000000 0.000010
0.070312 500425976677764743793299863830194793424074639292034187224561544126302737296598887200550278672816362611548698297053248926596920911807779633555594642968279018562006284973433253578894490410435006857197043189409546351426469394913863663616.000000 0.000011
0.078125 -484473060898635305247486368219596028105328855035440438603763055217338485527233760364300205275686694532297109518705545530482225084849902762022836908932894033614980093546022687588842975668210651951266794457932624152991543936964360142848.000000 0.000013
0.085938 454797472661411064479488066313663917456902265087256884826709949570376818594454803794598681209949396099610660659330078962340282824754531558221367275340687736769871511641115284883939320870314392853345553731044750812033989629755615346688.000000 0.000014
0.093750 -414384598732309074077417456232064164814788207701930766949492191140510409110972362280968446256341859899740257216307252713335148047793473036497811214352836603472972695642699230022313549618722523681438255070391972918640888932233384034304.000000 0.000015
0.101562 366846357688468037052100965985822710531822981583251779020110869712498455567143173725835583484052368553051392258841311203211058677115123801469263783550444833281377793852718268187033012450005046260766636953025866399125428813193050849280.000000 0.000016
0.109375 -315993833870445086726047954614939359429143617727120828652910220134650935166659604557909293719381602712635304836657525337879538004906482361428887310301627255187951664251609702512017011493327235621105076513715606831950098269890368503808.000000 0.000017
0.117188 265326772725485466367463745298487916783529784172720512422772338559050003166524429631644303657285670946324562254115369970268517840025182048756099944221381649453352355129664870155661955704054547202826518201518857593204304262321955405824.000000 0.000019
0.125000 -217508116840197935310282381789972207067776567745171552261664045686098617573317386924299610846064966481356115261891920607767193422556204461602360610022747328195600192338450424701703780756437713684515531561446322164014533974683616804864.000000 0.000020
0.132812 173902665783409569763442004879168283504895175214785515729352107610927826973087909848052160282058751499004680115659985215687019064671132481437508126343161357029490579009149065169994020005883580661418872650100581270412088895095428874240.000000 0.000021
0.140625 -134256972241701192244893427287677838242236913551805861469970975544554648515123075697099808756393733633731306675332394455549298742251069004053980519161009206178519641004109148591560591295152921719359732616982581900659614092375720198144.000000 0.000022
0.148438 96582229067078790195352814516872265825720799994969006782815023192444221528608159962968231840447587503174972426771393101934539281422721725988136771689348688568177535761752822069969111780989376826103967070989562886202920446479197798400.000000 0.000023
0.156250 -57275149347923485819655406087224582173085922719213720285962293523486833191255999110153056301113155916576763653739952586183405864901495898985786951615358593669381266801905701050605408999238404591468564862758961660214499213206974627840.000000 0.000024
0.164062 11477859445050105914502912393618471155618610361198589080401003287474552426390520192879264990874339487120031490638067783703912057355674811141107716485635011777912125753866365741642918342485735602722363585486827171617965066593197096960.000000 0.000025
0.171875 46357831726051623291582778219509217271825214509229913223848988523553586325757946928922679699227784558107861580600106822288310495634151864308549989840738555691031055163370770580630694920949091604586730838149425724955684650841595183104.000000 0.000027
0.179688 -121767865578085066514300317300963807294957159795839058954370251559434770032099735869245224431386141950440715693862932330410070853798926239093227138017859759323506064074614359044381482272414083308092677637165407989368397418695042793472.000000 0.000028
0.187500 219523245808684168225936426403630003179523667483507154333122325982360747279305491370657398979625180752786629628949067108869774894154026022823419606646546753878150717014527323166063313213524450157428135263897378980338381380856829706240.000000 0.000029
0.195312 -342924698162906973312066602103214864162058794967641154571001563831447993423855737518529695019309272845505923265113723973798127583822134620634310982692384988096947304823717979583151967893355583453045352802926039135009662930639533375488.000000 0.000030
0.203125 493237371757883172834792874007357571310501618775429640666560976418374977990039851638405078364295494853110607778872449071141148370308306830121123915292480615187789807705284437305496853032143082504660337264489182293913690429034923556864.000000 0.000031
0.210938 -669340472582553895474132165913776792293546003255473898208892456222337944923233545375822491158926300428676714124682459301086141466433337424592306972594642472472683502095713924087259491262535874959077246407918370259003302478407981334528.000000 0.000032
0.218750 867638901706370334563178256496381093785159043259827097985371422425006923331982240444636692693612445828632497449530275415400064980613894367659397169464908846725496132398281436492743949316184415821471990133613276258071681972541757325312.000000 0.000033
0.226562 -1082250488257676006522603976888267977590280465814558639714794435411724062499517918049390435793913516717660921125615309835098089452580944096823875696823559115366211668395503976746788798295096814867064340456229983045933640806904618811392.000000 0.000034
0.234375 1305448151038989967654011534970865579428318471311606520841706855732302178341960175516944733124665863807960395317598877340150169622749665052502998732836699142721597526754362258520344860739408924367170131348839523221079338639672412733440.000000 0.000035
0.242188 -1528305926958022863485172514059455416980623014673027686091612723328256032225089424344638570507360993740461946273228771625879347739677565019836679968390670423824293538509573909844021330070531634517700171467106522848025833334156799508480.000000 0.000036
0.250000 1741474986402362112326516776097191450815216174588856171456086986664171061712997972553223502538416598492443477563476928672109667292314393246183631828026629938693408403627630976153551056911123960011928359939081523006384769865284092690432.000000 0.000037
0.257812 -1936002881200939067999620558798264655574336877129415320489622146545504199754228863309187077676697374577321426662715361753826259018766736659687668232130125136207438079647331534270944771809349342853244826766973746538726784167058595643392.000000 0.000037
0.265625 2104107185891031921074972235459561705597417924433528028471028621918602945989755877782389052005390898313443787597761146309173585454415639919743562362568877807695810828768631763926547789391420465136013598265079869277602719877025161543680.000000 0.000038
0.273438 -2239822809546311587483333792444067642385920388415364651862779072429895156858997660390714190773071393138397338885852474402425146602938787899307538295986723699621112979932987031996088664499104121905103358855849390877476839366973336846336.000000 0.000039
0.281250 2339458838878002863641715016519582241621815321647004677864009891824887792738592980332970362453418139981120024562051970587221234966457684045731230905907695700937597988667199064367595372946859388265063232623535418392741471710434622963712.000000 0.000040
0.289062 -2401823349362584491626743384164691877123386354671116923137018675196078492842681266661890680081806591035194856281889393781069282791917931627090720251815495276978603988780015273268977969797905334287557313088344357234446821207486312218624.000000 0.000041
0.296875 2428200404877838834193507609662773107384683570705913482567018714336909976268916182507795290932171280075906817820446231440908545979247970678847126108937703284597362160693001577294732910442973576333758723445625508473354748795374694039552.000000 0.000042
0.304688 -2422089725013767598226789514531422153405844462145182981243412962992184399938941605626130612046235438657601136793560603110452726390763798061311519324303278718862309418455126802722549342112312507948295533936827953283177462983397082136576.000000 0.000042
0.312500 2388743789135005548529600088078323411292614885692803301776317321093001970841536121243321571663929699721053116632206692902616740149868887575411575415731064825100157754125094089313112268732026226363110280967061802937033241241089594097664.000000 0.000043
0.320312 -2334557411055391364755613428096463677181982285814554070553983071512908122563353499717580416935041418091306761596528224582953344449027342544107463792071894085747605736599570145421574366064122278844671732342578764906293373146697411067904.000000 0.000044
0.328125 2266379386983192216688758377227291033501533634560421679249971980605891873552964443640001228384678776968211057003092551555851693710184513475975870708171664339445377626036678869643022164080819751209643365869446252429477923784961189478400.000000 0.000044
0.335938 -2190823379157422564906124357580627125410387466617240721844497955537558822606934732073717349191234134025488130914904781749906233506428144694410405787939357666630680500683704812267064978410100399073163137373973774362873241805978276462592.000000 0.000045
0.343750 2113654819461927267226178057538882474038464569365032769876097320194380760813384914603382060836706422636349559983675162244734416666915404637834919913863512499164811039917373424130013281760575453812491113166265747960327039555007653347328.000000 0.000046
0.351562 -2039321885069799275719249218697601149681113386847318102841858705005369081086999727113933454791529808697412140894632484965738310924367575796619368294330533131224228083437174491244209171650088034548381667459709181500949605824299312087040.000000 0.000046
0.359375 1970681826865884941996773303281563048456156209119273990258985623879818260385041670938666083833704301429684107350335327899957108727255658762088516854105366008938644663268869958226545152489634505756857544051079518604700907586164784889856.000000 0.000047
0.367188 -1908950398910175453401514667331137020856601073497454332536938706985372180465503221044839251294174146466461676206709608489114555126557747798765543684376768741557976883418262297989122664136140495140307757368671009052340132321515871928320.000000 0.000047
0.375000 1853874210450007151586654132311695061182005598950552823994033594390528200747816360465539329973764490251567053694757819201168394612638404775974520799312358740723729573839642766757569826638640669808523886102355599377121927665202090737664.000000 0.000048
0.382812 -1804096863415112072003826791740867699216651846251009457223841696552104412662340401174070734915497778406265531654330101940715677341496969777136647084829272954067838010831561295736738174169494293479207285832140403643864585308967163396096.000000 0.000048
0.390625 1757663733604325082873248709466939001541147845443727415049349657664711982998515367853003469857950306003229543195994062071990558020061143178614030089660051023161869424294570016237619341670764527208552837063530772349185089020730391134208.000000 0.000049
0.398438 -1712591190692367279262346252289887257166242328271926152658587912264124432507444558501187757989712105554456712094231778494155058794891627182173122561912181184582008615423595896027103954162592982274743188909999359012090608082815574605824.000000 0.000049
0.406250 1667417172492222255919299909986484422678091641491148062150356379676575807124984262725834456290191096821382619783685989102706742014763466951227255817551201834413627008873842917116868535340333711651460414017694445513061590310776050024448.000000 0.000049
0.414062 -1621653133603782720868755544740860446291130879617631426612367186354599517446791175976820236056775606407160487340448734098854620124586606554862600729724676009455081690295054209893473399420992764690867617090598100760382924515289730121728.000000 0.000050
0.421875 1576072380087774746844567448191719802983380454139361535592167325085722754374626460861547138728686513201215823969129724588573785092428308941259671951599325958447079644980498320870233311453408052125716516359583134939950650414500851744768.000000 0.000050
0.429688 -1532794590788894828835725934952973959777226216389224849898321423332167848731236281740786583292896171233550351847103605331473285099425730227837706844544532638307570944637339754143323261676642677030808835567822873631905764465493013430272.000000 0.000050
0.437500 1495157136274929275368964954138314823301560871228672965458265407013728336308804064644307444435285449268674369197045418822316436042788190168655973857518484397808040409461666721903206698973656601938046099134149691194280690505766680920064.000000 0.000051
0.445312 -1467395811617544634510197543520724841016581455525329485182770422050334068051691596776997483900109631650769036796678439133010945619645052203234762591421824296348057273831325515578113515910958974391422841453896327470482978339425739603968.000000 0.000051
0.453125 1454185749911214325354885489653103245873957486144843870811968500924726212901836795504230823617446745699896753672736555025906613645673214685077568036082471641167639972485305360053157913206085899829324899280753163023618652038978231861248.000000 0.000051
0.460938 -1460113155523878685473488918268655384787373341269916575784870679035249783390033311019712079221729517087401033712162824920159646079968432972560248452384078613092489160544472504079242194410730038463594454397973675200234275417236835401728.000000 0.000051
0.468750 1489157008069868648219600967576699045217974378106453541686802945038734255566110841756131799467530380663381984599827033835042255561454202000297471929221680664498019348770452395600866473578655936404968987097309595522766377962996313882624.000000 0.000051
0.476562 -1544255779461166057139339100960126807769045681086237268691538210161315783212147774332047326635644671757435536235086147580253724629121199170624247571122838737005297011498553230970975802909398011538136348959574995206080767075231356420096.000000 0.000052
0.484375 1627018225047875246684053083716476407149567340773957680884215945908935977637613182701369616764493978621194889553742449921053852886579674491053626272343839035090145581682958799947882717578922498923072019277250677432566880190710432137216.000000 0.000052
0.492188 -1737612100820090725905481094181133627158596152852237971308702522823331581023734365044809192939594561999518664268090269540093919336349399129445224549532921621116925851887934297865667984140319130827236347874798467932051979673599626706944.000000 0.000052
0.500000 1874834376445617777268241605000972723778822983927030099233828620506861402276038425003050777296585899908940132038729193671442939536423807960528788851707812171817457204061630072094628165494429463914681401074147545012896025801286850969600.000000 0.000052
0.507812 -2036336202777119135177643947612739244823066029614059316824553776286103587810668342945351248643944803966827189574151122557982677915873285386755065602601685593601787532128590106350941484493731933643065901120485334949328831476341038645248.000000 0.000052
0.515625 2218950700833903103147351994389874767331570175665050257510219934995782754582480438767341030277061671603102432103023284183201625709978428124267761125915242702439999875271721818006295765752172892162345622447889863161552863269154554118144.000000 0.000052
0.523438 -2419055965319227745179199655830510344143732099867567791497763233137724691540807266305700820616164838454153337419360753367692024086387246256863874224893602532145756387484210096516040047953550246536214967721517489097925873053006726955008.000000 0.000052
0.531250 2632902372855364973739047722562574618186997780695257497012509832568732014637948401956102074169910980300124375496020502123027177176786591907880762366640865090815032501736990248898205884251605119932243838227765399847448039331650603057152.000000 0.000051
0.539062 -2856843077189492276856659878129073931091211767987377491782420614419282235916396287736122352696115954795247581357224210642665241976516458032993030511593763366652761741975570732167441424655004982872293032050571132349614900880089267830784.000000 0.000051
0.546875 3087427820676173492177859683531721623449201319950234146269137115606325528529089802615575502679778332232567336511094606821722581564436445373694861338377415034627754789501563747569045283096597343549782614793093809939780594311083421859840.000000 0.000051
0.554688 -3321349095561585726102041421720370323189235224270650072515905486849589240335787322692543722687704500317594017432113199213759365097352827267035855079146051582686974519522557872189927933224360940068716716641433217135093875385733006491648.000000 0.000051
0.562500 3555260942087156614681948884215285515563188511277621632054303106278962941253982650208517704996894035080181021260615788262847718178287587640926703317976202245146013052852704487182773452610153352723091076916725148930300939756376313298944.000000 0.000051
0.570312 -3785518439701181353734387693701874304633304206415846466669494631640700100573967585688205668243827061732809559200893588595320981490087502972296248608620515208175708344732215754073196204799093770068303735589758727922706431698098628591616.000000 0.000050
0.578125 4007904996903178836617952213530070179669629294326306138989536964443966236060896978766179356876452944501438735109379225407481556249288254618829363501168285745873971610423526168542111602408085159016128634173641543428124973423551599083520.000000 0.000050
0.585938 -4217421252931894564820759642476430154805748351558880263479075012054201618612698537666653493624664746643808140442658518486971709321238492065078535284243165519240600147704316668910363467703646901899169007461390677744286139798353092804608.000000 0.000050
0.593750 4408202445027810167590002806886302493824312833298448375696588680623127018286780424913342665721000488711347085986698248216409107431759984710804930485334946054032161763433909304782879792626110229603303737159000296292727070768570409418752.000000 0.000049
0.601562 -4573611637596090895523512367343448801578767614915237230824338058999156442962122425291511148159975981786225775653668076934116599041508225130104070950639240343993000253309606508218183368892765787779849851105991728533085169266476709838848.000000 0.000049
0.609375 4706527608850185764925119570746536988537731742943480343965042067894765161283303783040674650700712640907051358723484119846814940035101236150842377294775357567457695991931798340977593006869959376580675029177581685427255606393476107730944.000000 0.000049
0.617188 -4799813268775265708766197208364909018707768655289717532201046622158605965704255479822702514946022689114965765779115593059541012903063480482881747078777961615565419734931361646223506750580702466413537763702477716492406147616551043334144.000000 0.000048
0.625000 4846918596698101476504317920513437219126606195121906773892455104304870806310924652339586120862080796802145089832120388798563961166103667342888872577130688564837465650895160240367711281852206937719688037275196121834185914058123755126784.000000 0.000048
0.632812 -4842546205577629265770338706915860125098924834250856059774947950717591334620973848873037332220558522498523046018868389450239924247817696009904699943967268460656169690164364888691165275959843000318897942384208870185666052340425649291264.000000 0.000047
0.640625 4783291617261864422060869229809926376872028882206252028875644262273588822619401136448826761111667995725410888649206797539182269493517353908378484697512777003727529658782466207334546324081409062577713463919094302932126675834004414922752.000000 0.000047
0.648438 -4668166485636709482357091812109675574594445247513621105632619627453044719911667588856571423428298194317036007148105709899206237134537924293204451474770574611383452682701007875562482081917830406432082712457319598124259849015727835054080.000000 0.000046
0.656250 4498921995579502690294906409351212723317926210055600390504987587076014219143953972284573157693177933182264277156656326566186303039609008972309173532369994554355311957819499328224282320374687183419861138640605987978010417728239832137728.000000 0.000046
0.664062 -4280110609039806361495341927022298609544833678481366861614003204922544514827231444640154423707719693699638097414810240170392788439567367868138393118302904022564532046520404462006092457766246512441322429455660771286894745285415363674112.000000 0.000045
0.671875 4018855004680873622562316840090444970519144406611386963846731588512902582333517035603305050403977786346713474168290435481632527056498592805661572767782534972411742008932291167306001994362559969878360543065816904193235703579089290919936.000000 0.000044
0.679688 -3724330136724428567119692424486816140422324819950926755331865955051323166526469387712731528680997793325063904189492401564784514052281248793523087788277591732143742605707692301537580571881452497563311056924015864370438467771227036450816.000000 0.000044
0.687500 3407003599711216833730028155545197658513522874796258277165578937467273933261711085046259264508454429907709506445838630340850157048202714597270176871707255847350630241404942848808665989267636962659719841535292078883731858282954396532736.000000 0.000043
0.695312 -3077716052382015205756364421169559857365633421237234923196270569676664274682824980827279723421732370983155895903412133613106504887796804986549354439634662144268658541937305903856874325511426662736990101498256998691217076434556761931776.000000 0.000042
0.703125 2746712153431169885231793941369651971806689456577114885336504933609550674733029730031461448995039729189707258249764299745214311364008791103035559641280205645566865102425366708013664346358116428980330991873253514914276886589422520238080.000000 0.000042
0.710938 -2422748381997047369708611012787938597115817571109710004049410951635990209208453936081836747541252018171029943062232245693172364040651458685116439064343253071829546266966448426655719419183277565223621807650894337245862688574193501470720.000000 0.000041
0.718750 2112403366363922969215855044624072172636348126850066755554704930459117828998934364884797428218672893481397718083349033835038082971846945637898977587738414337057259356189660562017632263866325763218751585957661774078221883054534328057856.000000 0.000040
0.726562 -1819696927668609881758853497653668185243805625106254636316994998041507745355303058587332898717278654723029786387486761889194445472348502012452390931936301962362035580316294211806863460439956592272570473570960328836827122749402786037760.000000 0.000039
0.734375 1546086630067387859270602203706290923467390887647495429183395976737684357950710461692590367652411122145797122377173017065542785141970555134207420522445167662275810305673031673253456456347038019080969220679716873000655634160013210025984.000000 0.000038
0.742188 -1290858974541978897024375187340860048719409149292791753811802229371677777664713783253545440458347856882561608780653651875444477206404192615193032027170371341681677605860301403713451267833939452253913370070071278918130653060660795015168.000000 0.000037
0.750000 1051873187239497713571274211348803615888857506120108391531788858610695400115672944064053084247704106450182039603853752182072196865282656305341340506858100453946480505824107234941791416364550470790328970016871818418714116721181613621248.000000 0.000037
0.757812 -826557679980666038281061374152520858732347993648615735218790438182137228856192934950722136882608636750434415986442505312519290105431512511452574872026070293569781301251060858205405093937245481430169125476576664517070994562010409074688.000000 0.000036
0.765625 613012289855118499251935986535543593885769349157460784623040161611607804601978034937785848499979221567923787742966313588449490243880221585037985803645080555584740163637229502310094675141239115071755790297331415735178878532550565822464.000000 0.000035
0.773438 -411041949121555247902451839035301724807675568138854076233286296607192411900057864064407567028348064161335814831807114539744383878695483225338303848462450984560970174039713329894419295322491899093297153912374567988624228357124432855040.000000 0.000034
0.781250 222945452192723717655348146012470551954304777944464805512785527019511250989100360219483867606751098702022320736936513725383994545789811302343927000421556556865894377355461189268142339767181839136493031783752848554676079553891002220544.000000 0.000033
0.789062 -53908517993316547956372124826103032977174963167103182854691905305919528309213194185227735195402486480652316491374809922402968325698865549399216786329065279602526071963402975070299113066094253393172777243345786442532048804452285546496.000000 0.000032
0.796875 -88099019968042051896569125139655495376867013720860425815364773157906994981929962275928759748728628086482337747831179444865803423059451030910118929140612173526756228457929527662839141075427311804828873616675573222130125476476802301952.000000 0.000031
0.804688 192952922774165161212219073038395061588276460558698560717138848583799298801252809136608516543625041728231241923085196052331386693245516444896528215840075708127514561371707948881988943154184431249139832013857304263490485208093852434432.000000 0.000030
0.812500 -249484292436826212701089675789914857324126163773111864056821944515187581808523371824498028548366402504819574349225432118517855965919067270780938084244291218333031671620621899517111037067372488474940090357164090490667065594322270289920.000000 0.000029
0.820312 246947241781191409634484501660549635636013337879584388081427345629508471296750680681170751401890972000179712168525672167866224468419504371243711451303885644250607389732347183852795934529356610990920290763970859823802336444973993426944.000000 0.000028
0.828125 -176661029622853719491114463160456376247664292716419848568556937079566156532857641299652244218513450423983180002430836108374430882621898942999952997770030689414850590510265053888267722349510520214575932322066182109573977049129786802176.000000 0.000027
0.835938 33605262850955734239880524784548456981305155972745790612695251368623032518602347921512555563716449826629177970911423137648077075276397041150347040026837130947993739863519016804169728638523946323693726285864554514188492149124449173504.000000 0.000025
0.843750 182261379494624169011180124080365937269504908209250603631500691728310370051255610702696856840333845489465906521622614038616619420330601465536321085964420081767720721482048413703463766687751417886706703136020559508904085092606951817216.000000 0.000024
0.851562 -465164398016034637700566349037958587688539001521991737819237711018790532018036205041051457436475995036569637854407847568691424995790489125166426477818228884259667993928051418437335552551705492515133149554976137801552295391020063916032.000000 0.000023
0.859375 803309915639440716299277388661305344027725317738841741975944571549554111864946456128543711607899934993757747924511401700879581091653737117209224715767402463176419602468641525713868222524667606160549792725082095945296005898344501084160.000000 0.000022
0.867188 -1179387177538561493897458499818914993362225757294316505452262542593528875429795580330398657425028476032804182400161520485068220145091039551980729261211083789711672691555875355302981418082517087764303641759378740043379517420796488187904.000000 0.000021
0.875000 1571757308220467991710064429613944109105701023498964811141116427420200568025880056660889220368671571683832737978569655532819243882902939229567468699548299027096271457292467088436519176454181601395126737188485598969466564937144634179584.000000 0.000020
0.882812 -1956213787899532013893234455038988536505347123878369196850845419947587501491603308349930588741647208634839129303740108686688580219953038568236950448572086541942535806156256029706797866181954716642815248826691560578017476819333530255360.000000 0.000019
0.890625 2308116588239003788816916247338870096978471998899001314401519876186101989766582413699257053523506762988966046198776133241919628313767525366119059541468329927169066836474472642115468139966297809470890616140389472598537667664655387983872.000000 0.000017
0.898438 -2604642203442613726352773065642811826692272869780767941549621029112743729505027944949716275186686534468703934878889188661957463477576518102846211630548482046905939853398236004270137242756315862659048096336756678955688322514381870989312.000000 0.000016
0.906250 2826866017297569190105309140598916548335628497668717703676070279087284332400477533015863667327053030222559807546063732463249423929714546564037228167996744051540892543350242154056872005278189518134815416439125522149273246145557557149696.000000 0.000015
0.914062 -2961407438151538013635482794462566835317950333517255869375349931421634308862913728521060521757166233140504676310284196337132574169715700589435908982247255333330734630983074194604533384889424414349986003474105578382668892785282000093184.000000 0.000014
0.921875 3001422369604814319200936681635427477127052720433272227012668067925646252135351330404958056004979804361600734322540874931404999957998238510370120734799073527208131936073256692260554850229197103671031312207982308135060586002292636909568.000000 0.000013
0.929688 -2946816062968189471245894055967868238334538694284818498234132512728737982689340253509038228025695061945395783308476455641919579717889852680407276999468188672569903481620405018554031725838456551098964178954975472546683792342630493323264.000000 0.000011
0.937500 2803660516075985684810867886181840923762674209915045399918320165398810407924798275600398511945999732926341454217170481241795387565429126657094421237278771962077880215756815372348613691960427714778898922050475204898003224358143010013184.000000 0.000010
0.945312 -2582918022417666194342930357370878453369777817660721823973598346759282574111438911008056391498026805959809681476346231898837563622264409141387542654517887251620922340414465878536479062419198761159934435975142142284218576024111924903936.000000 0.000009
0.953125 2298677565944100503602214751676276021634727061831980706476552875484533075190798402987752190917595554696115702779978363585675633292819134245216110979811399077174002541612171507072774355726294816538988570741789004903074228915711890161664.000000 0.000008
0.960938 -1966185489810366067453563232214404740268296426168589549901745907628571550921830367147758194112411281271066249431934871221666534820908811193470607197396802860427669020568218872398536708242003316485457877745344639210764105826366167973888.000000 0.000006
0.968750 1599982180316035997617138479258827330879827854466232542295518757318898258907693401225692142552148034042291815317576079082844001086691825720751673645453303253919975460867373684126103555534386386605400956317538121904608263043169195655168.000000 0.000005
0.976562 -1212435242640027917534296909189303172255360137680000094030286999472435044222730356068999973405151913498286487565112223032693922122541739135608240347967369145051993404885407930905251725686898745172287352134824814218918672041676015403008.000000 0.000004
0.984375 812888496315479284868833376669167390110899873629200886486647748499910555681763767095807614548264866647685292643246734308778249539755480481024637475263759486035509319437302177881061995607865154130346145696839303027415655999282847154176.000000 0.000003
0.992188 -407536009400228471760140182163905118440157997608205758290788759955345604221577168371053251956566925116617464636785448263072422640456772152804989557232475346183522344324077933293081223668006902007662038880100414633410078272400746610688.000000 0.000001
1.000000 -0.000000 0.000000
