0.010000 0.000020
0.020000 0.000040
0.030000 0.000059
0.040000 0.000078
0.050000 0.000095
0.060000 0.000112
0.070000 0.000126
0.080000 0.000140
0.090000 0.000151
0.100000 0.000161
0.110000 0.000168
0.120000 0.000173
0.130000 0.000176
0.140000 0.000177
0.150000 0.000175
0.160000 0.000171
0.170000 0.000165
0.180000 0.000157
0.190000 0.000147
0.200000 0.000135
0.210000 0.000121
0.220000 0.000105
0.230000 0.000088
0.240000 0.000070
0.250000 0.000052
0.260000 0.000064
0.270000 0.000102
0.280000 0.000138
0.290000 0.000172
0.300000 0.000204
0.310000 0.000234
0.320000 0.000261
0.330000 0.000284
0.340000 0.000304
0.350000 0.000319
0.360000 0.000331
0.370000 0.000339
0.380000 0.000342
0.390000 0.000341
0.400000 0.000335
0.410000 0.000326
0.420000 0.000312
0.430000 0.000294
0.440000 0.000272
0.450000 0.000247
0.460000 0.000219
0.470000 0.000188
0.480000 0.000154
0.490000 0.000119
0.500000 0.000082
0.510000 0.000087
0.520000 0.000133
0.530000 0.000176
0.540000 0.000218
0.550000 0.000256
0.560000 0.000292
0.570000 0.000323
0.580000 0.000351
0.590000 0.000374
0.600000 0.000392
0.610000 0.000405
0.620000 0.000413
0.630000 0.000416
0.640000 0.000413
0.650000 0.000405
0.660000 0.000392
0.670000 0.000374
0.680000 0.000351
0.690000 0.000323
0.700000 0.000291
0.710000 0.000256
0.720000 0.000217
0.730000 0.000175
0.740000 0.000132
0.750000 0.000086
