0.000000 0.006629
0.010101 0.013228
0.020202 0.019768
0.030303 0.026216
0.040404 0.032536
0.050505 0.038689
0.060606 0.044630
0.070707 0.050307
0.080808 0.055658
0.090909 0.060617
0.101010 0.065103
0.111111 0.069026
0.121212 0.072285
0.131313 0.074766
0.141414 0.076350
0.151515 0.076908
0.161616 0.076312
0.171717 0.074440
0.181818 0.071189
0.191919 0.066482
0.202020 0.060288
0.212121 0.052633
0.222222 0.043613
0.232323 0.033400
0.242424 0.022241
0.252525 0.021127
0.262626 0.030921
0.272727 0.040617
0.282828 0.050201
0.292929 0.059655
0.303030 0.068954
0.313131 0.078065
0.323232 0.086943
0.333333 0.095534
0.343434 0.103762
0.353535 0.111533
0.363636 0.118725
0.373737 0.125183
0.383838 0.130712
0.393939 0.135073
0.404040 0.137973
0.414141 0.139072
0.424242 0.137977
0.434343 0.134268
0.444444 0.127525
0.454545 0.117381
0.464646 0.103596
0.474747 0.086137
0.484848 0.065268
0.494949 0.041591
0.505051 0.032763
0.515152 0.044194
0.525253 0.055447
0.535354 0.066518
0.545455 0.077398
0.555556 0.088073
0.565657 0.098519
0.575758 0.108704
0.585859 0.118581
0.595960 0.128086
0.606061 0.137131
0.616162 0.145597
0.626263 0.153326
0.636364 0.160111
0.646465 0.165680
0.656566 0.169689
0.666667 0.171707
0.676768 0.171211
0.686869 0.167601
0.696970 0.160221
0.707071 0.148439
0.717172 0.131745
0.727273 0.109909
0.737374 0.083143
0.747475 0.052229
