0.000000 0.000000
0.010000 0.031411
0.020000 0.062791
0.030000 0.094108
0.040000 0.125333
0.050000 0.156434
0.060000 0.187381
0.070000 0.218143
0.080000 0.248690
0.090000 0.278991
0.100000 0.309017
0.110000 0.338738
0.120000 0.368125
0.130000 0.397148
0.140000 0.425779
0.150000 0.453990
0.160000 0.481754
0.170000 0.509041
0.180000 0.535827
0.190000 0.562083
0.200000 0.587785
0.210000 0.612907
0.220000 0.637424
0.230000 0.661312
0.240000 0.684547
0.250000 0.707107
0.260000 0.728969
0.270000 0.750111
0.280000 0.770513
0.290000 0.790155
0.300000 0.809017
0.310000 0.827081
0.320000 0.844328
0.330000 0.860742
0.340000 0.876307
0.350000 0.891007
0.360000 0.904827
0.370000 0.917755
0.380000 0.929776
0.390000 0.940881
0.400000 0.951057
0.410000 0.960294
0.420000 0.968583
0.430000 0.975917
0.440000 0.982287
0.450000 0.987688
0.460000 0.992115
0.470000 0.995562
0.480000 0.998027
0.490000 0.999507
0.500000 1.000000
0.510000 0.999507
0.520000 0.998027
0.530000 0.995562
0.540000 0.992115
0.550000 0.987688
0.560000 0.982287
0.570000 0.975917
0.580000 0.968583
0.590000 0.960294
0.600000 0.951057
0.610000 0.940881
0.620000 0.929776
0.630000 0.917755
0.640000 0.904827
0.650000 0.891007
0.660000 0.876307
0.670000 0.860742
0.680000 0.844328
0.690000 0.827081
0.700000 0.809017
0.710000 0.790155
0.720000 0.770513
0.730000 0.750111
0.740000 0.728969
0.750000 0.707107
0.760000 0.684547
0.770000 0.661312
0.780000 0.637424
0.790000 0.612907
0.800000 0.587785
0.810000 0.562083
0.820000 0.535827
0.830000 0.509041
0.840000 0.481754
0.850000 0.453990
0.860000 0.425779
0.870000 0.397148
0.880000 0.368125
0.890000 0.338738
0.900000 0.309017
0.910000 0.278991
0.920000 0.248690
0.930000 0.218143
0.940000 0.187381
0.950000 0.156434
0.960000 0.125333
0.970000 0.094108
0.980000 0.062791
0.990000 0.031411
1.000000 0.000000
