0.000000 0.000000
0.010000 0.012114
0.020000 0.024227
0.030000 0.036339
0.040000 0.048448
0.050000 0.060554
0.060000 0.072657
0.070000 0.084755
0.080000 0.096848
0.090000 0.108935
0.100000 0.121015
0.110000 0.133088
0.120000 0.145152
0.130000 0.157207
0.140000 0.169252
0.150000 0.181287
0.160000 0.193310
0.170000 0.205321
0.180000 0.217318
0.190000 0.229301
0.200000 0.241270
0.210000 0.253223
0.220000 0.265159
0.230000 0.277077
0.240000 0.288977
0.250000 0.300858
0.260000 0.312718
0.270000 0.324557
0.280000 0.336374
0.290000 0.348167
0.300000 0.359936
0.310000 0.371680
0.320000 0.383397
0.330000 0.395086
0.340000 0.406747
0.350000 0.418378
0.360000 0.429977
0.370000 0.441545
0.380000 0.453078
0.390000 0.464576
0.400000 0.476039
0.410000 0.487463
0.420000 0.498848
0.430000 0.510192
0.440000 0.521494
0.450000 0.532753
0.460000 0.543965
0.470000 0.555130
0.480000 0.566247
0.490000 0.577312
0.500000 0.588324
0.510000 0.599281
0.520000 0.610182
0.530000 0.621023
0.540000 0.631802
0.550000 0.642517
0.560000 0.653166
0.570000 0.663745
0.580000 0.674253
0.590000 0.684685
0.600000 0.695040
0.610000 0.705313
0.620000 0.715501
0.630000 0.725601
0.640000 0.735608
0.650000 0.745519
0.660000 0.755330
0.670000 0.765035
0.680000 0.774629
0.690000 0.784108
0.700000 0.793466
0.710000 0.802696
0.720000 0.811793
0.730000 0.820748
0.740000 0.829555
0.750000 0.838205
0.760000 0.846689
0.770000 0.854997
0.780000 0.863119
0.790000 0.871042
0.800000 0.878754
0.810000 0.886239
0.820000 0.893482
0.830000 0.900465
0.840000 0.907165
0.850000 0.913560
0.860000 0.919620
0.870000 0.925314
0.880000 0.930600
0.890000 0.935424
0.900000 0.939708
0.910000 0.943325
0.920000 0.946034
0.930000 0.947311
0.940000 0.945891
0.950000 0.938570
0.960000 0.917067
0.970000 0.860681
0.980000 0.723933
0.990000 0.439280
1.000000 0.000000
