0.000000 0.000000
0.010000 0.007533
0.020000 0.015065
0.030000 0.022597
0.040000 0.030129
0.050000 0.037660
0.060000 0.045191
0.070000 0.052721
0.080000 0.060251
0.090000 0.067779
0.100000 0.075306
0.110000 0.082833
0.120000 0.090358
0.130000 0.097881
0.140000 0.105403
0.150000 0.112923
0.160000 0.120442
0.170000 0.127959
0.180000 0.135474
0.190000 0.142986
0.200000 0.150497
0.210000 0.158005
0.220000 0.165510
0.230000 0.173013
0.240000 0.180513
0.250000 0.188010
0.260000 0.195504
0.270000 0.202996
0.280000 0.210483
0.290000 0.217968
0.300000 0.225449
0.310000 0.232926
0.320000 0.240399
0.330000 0.247868
0.340000 0.255334
0.350000 0.262794
0.360000 0.270251
0.370000 0.277703
0.380000 0.285150
0.390000 0.292593
0.400000 0.300030
0.410000 0.307462
0.420000 0.314889
0.430000 0.322310
0.440000 0.329726
0.450000 0.337136
0.460000 0.344539
0.470000 0.351937
0.480000 0.359328
0.490000 0.366712
0.500000 0.374090
0.510000 0.381461
0.520000 0.388824
0.530000 0.396180
0.540000 0.403529
0.550000 0.410870
0.560000 0.418203
0.570000 0.425527
0.580000 0.432843
0.590000 0.440151
0.600000 0.447449
0.610000 0.454738
0.620000 0.462018
0.630000 0.469288
0.640000 0.476548
0.650000 0.483798
0.660000 0.491038
0.670000 0.498266
0.680000 0.505484
0.690000 0.512690
0.700000 0.519884
0.710000 0.527066
0.720000 0.534236
0.730000 0.541393
0.740000 0.548537
0.750000 0.555667
0.760000 0.562784
0.770000 0.569886
0.780000 0.576974
0.790000 0.584046
0.800000 0.591102
0.810000 0.598143
0.820000 0.605166
0.830000 0.612171
0.840000 0.619157
0.850000 0.626120
0.860000 0.633054
0.870000 0.639949
0.880000 0.646780
0.890000 0.653496
0.900000 0.659991
0.910000 0.666034
0.920000 0.671138
0.930000 0.674265
0.940000 0.673227
0.950000 0.663499
0.960000 0.636106
0.970000 0.574801
0.980000 0.455708
0.990000 0.259175
1.000000 0.000000
