0.000000 0.000031
0.002004 0.000062
0.004008 0.000093
0.006012 0.000124
0.008016 0.000154
0.010020 0.000184
0.012024 0.000214
0.014028 0.000243
0.016032 0.000271
0.018036 0.000299
0.020040 0.000327
0.022044 0.000353
0.024048 0.000379
0.026052 0.000403
0.028056 0.000427
0.030060 0.000450
0.032064 0.000472
0.034068 0.000492
0.036072 0.000512
0.038076 0.000530
0.040080 0.000547
0.042084 0.000563
0.044088 0.000578
0.046092 0.000591
0.048096 0.000603
0.050100 0.000613
0.052104 0.000622
0.054108 0.000629
0.056112 0.000635
0.058116 0.000640
0.060120 0.000643
0.062124 0.000644
0.064128 0.000644
0.066132 0.000643
0.068136 0.000640
0.070140 0.000635
0.072144 0.000629
0.074148 0.000622
0.076152 0.000613
0.078156 0.000603
0.080160 0.000591
0.082164 0.000578
0.084168 0.000563
0.086172 0.000547
0.088176 0.000530
0.090180 0.000512
0.092184 0.000492
0.094188 0.000472
0.096192 0.000450
0.098196 0.000427
0.100200 0.000403
0.102204 0.000378
0.104208 0.000352
0.106212 0.000326
0.108216 0.000299
0.110220 0.000271
0.112224 0.000242
0.114228 0.000213
0.116232 0.000183
0.118236 0.000153
0.120240 0.000122
0.122244 0.000092
0.124248 0.000121
0.126253 0.000197
0.128257 0.000271
0.130261 0.000345
0.132265 0.000419
0.134269 0.000491
0.136273 0.000562
0.138277 0.000632
0.140281 0.000701
0.142285 0.000767
0.144289 0.000832
0.146293 0.000895
0.148297 0.000956
0.150301 0.001015
0.152305 0.001072
0.154309 0.001125
0.156313 0.001177
0.158317 0.001225
0.160321 0.001271
0.162325 0.001314
0.164329 0.001353
0.166333 0.001390
0.168337 0.001423
0.170341 0.001453
0.172345 0.001479
0.174349 0.001502
0.176353 0.001522
0.178357 0.001538
0.180361 0.001550
0.182365 0.001559
0.184369 0.001564
0.186373 0.001565
0.188377 0.001563
0.190381 0.001557
0.192385 0.001547
0.194389 0.001534
0.196393 0.001517
0.198397 0.001496
0.200401 0.001472
0.202405 0.001445
0.204409 0.001414
0.206413 0.001380
0.208417 0.001342
0.210421 0.001302
0.212425 0.001258
0.214429 0.001211
0.216433 0.001162
0.218437 0.001110
0.220441 0.001055
0.222445 0.000997
0.224449 0.000938
0.226453 0.000876
0.228457 0.000812
0.230461 0.000746
0.232465 0.000678
0.234469 0.000609
0.236473 0.000538
0.238477 0.000466
0.240481 0.000393
0.242485 0.000319
0.244489 0.000244
0.246493 0.000168
0.248497 0.000185
0.250501 0.000286
0.252505 0.000385
0.254509 0.000484
0.256513 0.000582
0.258517 0.000679
0.260521 0.000773
0.262525 0.000866
0.264529 0.000958
0.266533 0.001046
0.268537 0.001133
0.270541 0.001217
0.272545 0.001298
0.274549 0.001376
0.276553 0.001450
0.278557 0.001522
0.280561 0.001590
0.282565 0.001654
0.284569 0.001714
0.286573 0.001771
0.288577 0.001823
0.290581 0.001871
0.292585 0.001914
0.294589 0.001954
0.296593 0.001988
0.298597 0.002018
0.300601 0.002043
0.302605 0.002064
0.304609 0.002080
0.306613 0.002090
0.308617 0.002096
0.310621 0.002097
0.312625 0.002093
0.314629 0.002085
0.316633 0.002071
0.318637 0.002052
0.320641 0.002029
0.322645 0.002001
0.324649 0.001968
0.326653 0.001930
0.328657 0.001888
0.330661 0.001842
0.332665 0.001791
0.334669 0.001736
0.336673 0.001677
0.338677 0.001614
0.340681 0.001547
0.342685 0.001476
0.344689 0.001402
0.346693 0.001325
0.348697 0.001244
0.350701 0.001161
0.352705 0.001075
0.354709 0.000986
0.356713 0.000895
0.358717 0.000802
0.360721 0.000707
0.362725 0.000610
0.364729 0.000512
0.366733 0.000412
0.368737 0.000312
0.370741 0.000211
0.372745 0.000218
0.374749 0.000331
0.376754 0.000442
0.378758 0.000553
0.380762 0.000662
0.382766 0.000770
0.384770 0.000876
0.386774 0.000980
0.388778 0.001082
0.390782 0.001181
0.392786 0.001278
0.394790 0.001371
0.396794 0.001462
0.398798 0.001549
0.400802 0.001632
0.402806 0.001712
0.404810 0.001787
0.406814 0.001859
0.408818 0.001926
0.410822 0.001989
0.412826 0.002047
0.414830 0.002100
0.416834 0.002149
0.418838 0.002192
0.420842 0.002231
0.422846 0.002264
0.424850 0.002292
0.426854 0.002314
0.428858 0.002331
0.430862 0.002343
0.432866 0.002349
0.434870 0.002350
0.436874 0.002345
0.438878 0.002335
0.440882 0.002319
0.442886 0.002298
0.444890 0.002272
0.446894 0.002240
0.448898 0.002203
0.450902 0.002160
0.452906 0.002113
0.454910 0.002061
0.456914 0.002003
0.458918 0.001941
0.460922 0.001875
0.462926 0.001804
0.464930 0.001729
0.466934 0.001649
0.468938 0.001566
0.470942 0.001479
0.472946 0.001389
0.474950 0.001295
0.476954 0.001198
0.478958 0.001099
0.480962 0.000997
0.482966 0.000892
0.484970 0.000785
0.486974 0.000677
0.488978 0.000567
0.490982 0.000455
0.492986 0.000343
0.494990 0.000229
0.496994 0.000231
0.498998 0.000347
0.501002 0.000462
0.503006 0.000575
0.505010 0.000688
0.507014 0.000799
0.509018 0.000908
0.511022 0.001015
0.513026 0.001119
0.515030 0.001221
0.517034 0.001321
0.519038 0.001417
0.521042 0.001510
0.523046 0.001599
0.525050 0.001685
0.527054 0.001766
0.529058 0.001844
0.531062 0.001918
0.533066 0.001987
0.535070 0.002051
0.537074 0.002110
0.539078 0.002165
0.541082 0.002215
0.543086 0.002259
0.545090 0.002299
0.547094 0.002333
0.549098 0.002361
0.551102 0.002384
0.553106 0.002401
0.555110 0.002413
0.557114 0.002419
0.559118 0.002420
0.561122 0.002415
0.563126 0.002404
0.565130 0.002387
0.567134 0.002365
0.569138 0.002338
0.571142 0.002305
0.573146 0.002266
0.575150 0.002222
0.577154 0.002173
0.579158 0.002119
0.581162 0.002060
0.583166 0.001996
0.585170 0.001927
0.587174 0.001854
0.589178 0.001776
0.591182 0.001694
0.593186 0.001608
0.595190 0.001519
0.597194 0.001425
0.599198 0.001329
0.601202 0.001229
0.603206 0.001126
0.605210 0.001021
0.607214 0.000913
0.609218 0.000803
0.611222 0.000691
0.613226 0.000578
0.615230 0.000463
0.617234 0.000347
0.619238 0.000230
0.621242 0.000226
0.623246 0.000336
0.625251 0.000446
0.627255 0.000554
0.629259 0.000662
0.631263 0.000767
0.633267 0.000871
0.635271 0.000973
0.637275 0.001073
0.639279 0.001170
0.641283 0.001264
0.643287 0.001356
0.645291 0.001444
0.647295 0.001529
0.649299 0.001611
0.651303 0.001689
0.653307 0.001763
0.655311 0.001832
0.657315 0.001898
0.659319 0.001959
0.661323 0.002015
0.663327 0.002067
0.665331 0.002114
0.667335 0.002156
0.669339 0.002193
0.671343 0.002225
0.673347 0.002252
0.675351 0.002274
0.677355 0.002290
0.679359 0.002301
0.681363 0.002306
0.683367 0.002306
0.685371 0.002301
0.687375 0.002290
0.689379 0.002274
0.691383 0.002253
0.693387 0.002226
0.695391 0.002194
0.697395 0.002157
0.699399 0.002115
0.701403 0.002067
0.703407 0.002015
0.705411 0.001959
0.707415 0.001897
0.709419 0.001831
0.711423 0.001761
0.713427 0.001687
0.715431 0.001608
0.717435 0.001526
0.719439 0.001440
0.721443 0.001351
0.723447 0.001259
0.725451 0.001163
0.727455 0.001065
0.729459 0.000964
0.731463 0.000861
0.733467 0.000756
0.735471 0.000650
0.737475 0.000541
0.739479 0.000432
0.741483 0.000321
0.743487 0.000210
0.745491 0.000195
0.747495 0.000285
0.749499 0.000374
0.751503 0.000463
0.753507 0.000550
0.755511 0.000636
0.757515 0.000720
0.759519 0.000803
0.761523 0.000884
0.763527 0.000963
0.765531 0.001040
0.767535 0.001114
0.769539 0.001186
0.771543 0.001255
0.773547 0.001321
0.775551 0.001383
0.777555 0.001443
0.779559 0.001499
0.781563 0.001552
0.783567 0.001601
0.785571 0.001647
0.787575 0.001688
0.789579 0.001726
0.791583 0.001760
0.793587 0.001789
0.795591 0.001814
0.797595 0.001835
0.799599 0.001852
0.801603 0.001864
0.803607 0.001872
0.805611 0.001876
0.807615 0.001875
0.809619 0.001870
0.811623 0.001860
0.813627 0.001846
0.815631 0.001828
0.817635 0.001805
0.819639 0.001779
0.821643 0.001747
0.823647 0.001712
0.825651 0.001673
0.827655 0.001630
0.829659 0.001583
0.831663 0.001532
0.833667 0.001477
0.835671 0.001419
0.837675 0.001358
0.839679 0.001294
0.841683 0.001226
0.843687 0.001156
0.845691 0.001082
0.847695 0.001006
0.849699 0.000928
0.851703 0.000848
0.853707 0.000765
0.855711 0.000681
0.857715 0.000595
0.859719 0.000508
0.861723 0.000420
0.863727 0.000330
0.865731 0.000240
0.867735 0.000149
0.869739 0.000116
0.871743 0.000157
0.873747 0.000198
0.875752 0.000238
0.877756 0.000278
0.879760 0.000317
0.881764 0.000355
0.883768 0.000393
0.885772 0.000429
0.887776 0.000465
0.889780 0.000499
0.891784 0.000533
0.893788 0.000565
0.895792 0.000595
0.897796 0.000625
0.899800 0.000653
0.901804 0.000679
0.903808 0.000704
0.905812 0.000727
0.907816 0.000748
0.909820 0.000768
0.911824 0.000786
0.913828 0.000802
0.915832 0.000816
0.917836 0.000828
0.919840 0.000838
0.921844 0.000847
0.923848 0.000853
0.925852 0.000857
0.927856 0.000860
0.929860 0.000860
0.931864 0.000858
0.933868 0.000854
0.935872 0.000849
0.937876 0.000841
0.939880 0.000831
0.941884 0.000819
0.943888 0.000806
0.945892 0.000790
0.947896 0.000773
0.949900 0.000754
0.951904 0.000733
0.953908 0.000710
0.955912 0.000686
0.957916 0.000660
0.959920 0.000632
0.961924 0.000603
0.963928 0.000572
0.965932 0.000541
0.967936 0.000508
0.969940 0.000473
0.971944 0.000438
0.973948 0.000401
0.975952 0.000364
0.977956 0.000326
0.979960 0.000287
0.981964 0.000247
0.983968 0.000207
0.985972 0.000166
0.987976 0.000125
0.989980 0.000083
0.991984 0.000042
0.993988 0.000000
0.995992 0.000000
0.997996 0.000000
1.000000 0.000000
