0.000000 0.007366
0.010101 0.014733
0.020202 0.022099
0.030303 0.029466
0.040404 0.036834
0.050505 0.044203
0.060606 0.051572
0.070707 0.058943
0.080808 0.066315
0.090909 0.073688
0.101010 0.081062
0.111111 0.088438
0.121212 0.095815
0.131313 0.103195
0.141414 0.110575
0.151515 0.117958
0.161616 0.125342
0.171717 0.132728
0.181818 0.140116
0.191919 0.147505
0.202020 0.154896
0.212121 0.162289
0.222222 0.169683
0.232323 0.177079
0.242424 0.184477
0.252525 0.191875
0.262626 0.199275
0.272727 0.206676
0.282828 0.214078
0.292929 0.221480
0.303030 0.228883
0.313131 0.236287
0.323232 0.243690
0.333333 0.251094
0.343434 0.258497
0.353535 0.265900
0.363636 0.273303
0.373737 0.280704
0.383838 0.288104
0.393939 0.295502
0.404040 0.302898
0.414141 0.310291
0.424242 0.317680
0.434343 0.325067
0.444444 0.332443
0.454545 0.339821
0.464646 0.347174
0.474747 0.354541
0.484848 0.361847
0.494949 0.369203
0.505051 0.376412
0.515152 0.383770
0.525253 0.390777
0.535354 0.398183
0.545455 0.404782
0.555556 0.412344
0.565657 0.418165
0.575758 0.426106
0.585859 0.430536
0.595960 0.439234
0.606061 0.441390
0.616162 0.451365
0.626263 0.450166
0.636364 0.461969
0.646465 0.456387
0.656566 0.470342
0.666667 0.459809
0.676768 0.475696
0.686869 0.460488
0.696970 0.477324
0.707071 0.458662
0.717172 0.474748
0.727273 0.454460
0.737374 0.467744
0.747475 0.447604
0.757576 0.456195
0.767677 0.437261
0.777778 0.439864
0.787879 0.422121
0.797980 0.418183
0.808081 0.400628
0.818182 0.390208
0.828283 0.371324
0.838384 0.354882
0.848485 0.333340
0.858586 0.311696
0.868687 0.287060
0.878788 0.261617
0.888889 0.234776
0.898990 0.207698
0.909091 0.180720
0.919192 0.154635
0.929293 0.129938
0.939394 0.107097
0.949495 0.086365
0.959596 0.067824
0.969697 0.051377
0.979798 0.036775
0.989899 0.023652
1.000000 0.011561
